-499.855 402.0301 240.3745 IMG_2814.jpg 1824.4895 1351.7229 T2
-543.471 365.4121 217.7905 IMG_2814.jpg 1369.1932 1612.9691 T4
49.6488 192.0875 71.7466 IMG_2814.jpg 4006.6104 3543.7073 F2
-15.5549 315.3171 117.3462 IMG_2814.jpg 5053.1665 1832.2039 F3
41.5596 274.7651 92.0252 IMG_2814.jpg 5837.9775 2405.8794 F4
53.2401 163.0449 78.296 IMG_2814.jpg 2890.5928 3414.1284 F5
-194.7426 287.7045 150.1151 IMG_2814.jpg 2264.834 1709.5579 11
-47.1266 257.7534 119.0749 IMG_2814.jpg 3431.5996 1889.2802 12
-21.9544 227.5956 95.207 IMG_2814.jpg 3238.0051 2511.5828 13
-19.5291 238.1006 96.6108 IMG_2814.jpg 3535.5254 2445.1379 15
8.2768 244.675 80.6632 IMG_2814.jpg 4326.1055 2905.6792 16
-6.8296 285.013 98.518 IMG_2814.jpg 4764.9155 2313.2678 17
-141.9356 324.2512 141.5215 IMG_2814.jpg 3293.1609 1724.8287 19
-499.855 402.0301 240.3745 IMG_1289.jpg 5871.2173 552.59 T2
-543.471 365.4121 217.7905 IMG_1289.jpg 5391.521 871.349 T4
49.6488 192.0875 71.7466 IMG_1289.jpg 1007.1367 3858.9214 F2
-15.5549 315.3171 117.3462 IMG_1289.jpg 5084.8096 2295.2078 F3
41.5596 274.7651 92.0252 IMG_1289.jpg 3760.9534 3241.9453 F4
53.2401 163.0449 78.296 IMG_1289.jpg 74.3545 3624.7961 F5
-194.7426 287.7045 150.1151 IMG_1289.jpg 4433.8945 1496.8832 11
-47.1266 257.7534 119.0749 IMG_1289.jpg 3549.5051 2187.6667 12
-21.9544 227.5956 95.207 IMG_1289.jpg 2656.4519 2852.9426 13
-19.5291 238.1006 96.6108 IMG_1289.jpg 2920.3989 2824.7622 15
8.2768 244.675 80.6632 IMG_1289.jpg 2962.304 3397.8645 16
-6.8296 285.013 98.518 IMG_1289.jpg 4193.6655 2846.96 17
-141.9356 324.2512 141.5215 IMG_1289.jpg 5158.6987 1651.2991 19
